1,0.016487558,6.65E-06,0.051653005,0.021212854,0.00016078,3.81E-08,0.030874634,0.013376493,0.050701547,0.000164708,3.25E-06,0.003682566,0.00422813,0.003415743,0.006039662,0.001653418,0.013615507,8.34E-05,0.047048686,0.007684878,0.01526054,0.001976106,0.002058057,0.001383321,8.01E-07,0.003437601,1.71E-09,0.001286907,7.45E-05,1.35E-05,0.004438003,0.056444235,0.021977448,0.007980485,0.002206853,0.002219815,0.030762225,0.00147867,0.003397561,0.045612278,0.006354824,0.011333617,0.023239882,0.000136223,4.97E-05,0.00355647,0.003727333,0.000249711,0.000638099,0.004312354,0.003989502,0.022803097,1.98E-10,0.052697575,0.03864456,0.018076545,0.018471627,7.68E-08,1.51E-05,9.13E-09,1.09E-05,0.001852924,0.014709142,0.001145371,4.19E-09,0.009082231,0.006803738,0.000109231,0.010306683,0.01011587,0.007429099,0.023294241,0.003230401,0.018796508,0.025477794,0.033764217,0.036516057,0.023189963,0.000158038,0.006960016,1.74E-06,0.064586574,1.67E-06,0.025424506,0.002332883,1.73E-17,1.41E-11,3.34E-05,3.35E-06,0.025920861,0.000100044,0.018807308,0.011532353,0.017243672,6.89E-09,0.00457695,1.22E-06,0.007536259,0.022417567,1.60E-06,0.005781742,0.016986546,0.003016399,0.019073355,1.66E-05,0.006521947,0.006136638,6.65E-09,0.01578447,0.005296578,0.045725352,0.000868839,0.005136933,0.018703419,0.037021096,2.54E-05,0.001572234,0.017253926,0.001314148,0.01011581,1.48E-05,0.023651469,3.84E-07,3.31E-05,0.020045015,0.039618479,0.005449071,2.07E-05,0.003071896,0.020759753,0.000141132,0.002159674,3.54E-08,0.000358602,0.000152231,0.000234291,0.017195737,0.076035677,0.034293235,0.010149764,0.111727298,0.004044656,5.72E-07,0.008914571,7.73E-08,0.002219565,0.074241231,6.25E-05,0.004013036,0.012349122,0.005316261,1.72E-08,0.030370344,0.084176307,0.006439811,2.94E-07,0.023498371,0.036474856,0.004615117,0.007088494,0.002865938,0.012319746,0.008943535,0.000830897,0.002746688,0.038153764,0.01735995,1.48E-08,0.007293984,0.049403238,0.003999238,0.001804467,0.018844975,0.001617528,0.065342134,0.016054635,1.31E-05,0.017823087,3.74E-07,0.085299432,0.017095963,0.000596784,0.012477,0.000162707,0.048450999,0.095053613,5.87E-05,2.36E-05,8.41E-05,0.000391322,6.90E-06,0.035770837,0.05186711,0.018803061,0.002484711,7.70E-05,0.000171277,0.061374572,0.011183775
0.016487558,1,2.07E-07,0.055309465,0.044655375,0.000287089,0.000368121,0.052715831,0.006186001,0.085281968,0.00028081,7.53E-06,0.034642925,0.022896398,0.002670399,2.72E-06,0.005737723,0.019556163,3.87E-05,0.124188666,0.020111506,0.094181306,0.004098631,0.022410918,0.008778776,3.45E-13,0.003952285,0.000101697,0.016504021,0.006184568,2.41E-05,0.071403715,0.186168501,0.005033326,0.00028053,0.024771706,0.007745355,0.000251145,0.016314934,0.094411129,0.001126835,0.025781774,0.024989048,0.013231931,0.002123978,4.14E-07,0.03322067,0.060609258,0.000995462,0.043442339,0.038892051,0.009309005,0.202274718,2.09E-14,0.037026615,0.001968997,0.013140059,0.110980777,3.40E-07,0.000566483,2.28E-07,4.00E-08,0.00014846,0.10766588,0.01513293,9.97E-07,0.120634992,0.054929176,0.001382049,2.09E-05,0.002107547,0.037516891,0.082637312,0.015400036,0.03371494,0.108434675,0.040230495,0.020437348,0.117066476,0.010862301,0.08649685,8.60E-09,0.067577872,9.94E-06,0.018762253,0.003640718,1.85E-09,2.93E-06,3.07E-08,9.91E-10,0.084110624,0.000117298,0.034513924,0.02321729,0.026995721,3.69E-09,0.02980156,1.27E-07,0.062934209,0.108224642,8.38E-15,0.025003287,0.041301257,0.00168215,0.060178556,0.001332427,0.043871014,0.00821932,1.11E-05,0.037675352,0.025669319,0.02697035,0.02110183,0.004290552,0.028450846,0.124865563,2.01E-12,0.000623253,6.77E-05,0.026320657,0.006707997,4.44E-10,0.016711464,3.53E-07,6.13E-07,0.114583585,0.018957085,3.96E-07,1.74E-06,0.00099838,0.026960079,0.000213454,0.003802031,3.73E-06,0.000132879,5.75E-05,0.000103366,0.028493435,0.077440559,0.209896176,0.001503353,0.056138874,0.036267862,5.83E-09,0.035501835,2.07E-06,0.017266993,0.073032449,0.008343876,0.01410856,0.229963856,0.004251167,1.04E-07,0.017376308,0.008601055,0.027675752,4.53E-06,0.018402769,0.006486984,0.012971504,0.017465953,0.011578837,0.00754535,0.002953266,0.000852845,0.043960257,0.035698874,0.065763359,1.60E-06,0.049522667,0.01826599,0.001213847,0.003487075,0.102724444,0.017314894,0.038831492,0.052327228,6.58E-06,0.067657997,0.001359594,0.038531559,0.067966598,0.006159358,0.00051437,1.02E-05,0.080904796,0.012778154,4.57E-05,1.75E-05,0.002573307,0.000171688,2.26E-15,0.0878281,0.059575379,0.008549722,0.053318055,8.27E-06,0.000477144,0.024072004,0.089995025
6.65E-06,2.07E-07,1,2.01E-06,0.000138958,8.24E-08,1.81E-06,1.04E-05,8.23E-08,1.75E-05,9.75E-05,6.98E-13,2.40E-06,1.29E-08,9.43E-12,3.04E-14,6.87E-05,5.12E-06,5.10E-08,1.26E-13,4.05E-06,6.35E-12,2.76E-07,1.14E-07,3.86E-06,2.30E-06,3.91E-08,4.99E-05,1.60E-05,1.10E-09,3.19E-07,5.48E-06,1.31E-06,3.50E-09,3.74E-09,2.18E-05,8.31E-06,2.95E-12,0.000208053,5.99E-06,1.08E-05,8.77E-07,2.35E-08,3.18E-07,2.14E-05,1.50E-05,0.00019833,2.09E-05,3.60E-10,7.81E-05,6.89E-05,8.85E-07,1.77E-06,4.69E-07,9.98E-08,0.00010053,1.34E-06,1.28E-05,4.64E-07,1.51E-08,1.53E-06,8.30E-07,8.06E-11,1.97E-05,1.21E-06,2.69E-08,5.70E-06,9.17E-07,1.41E-19,1.42E-08,5.59E-07,8.65E-08,7.41E-06,2.53E-06,2.76E-05,1.48E-05,1.28E-06,8.66E-07,1.05E-05,1.12E-08,1.28E-07,2.50E-09,5.72E-06,1.72E-05,1.15E-07,4.95E-10,2.04E-07,8.48E-10,1.53E-09,1.01E-07,1.83E-05,2.16E-06,6.59E-05,5.29E-09,3.02E-05,4.43E-14,1.97E-05,1.51E-06,6.68E-05,3.65E-05,8.39E-11,5.78E-10,0.000134376,4.12E-08,2.98E-06,1.98E-06,3.35E-05,2.73E-10,7.73E-05,1.42E-05,2.59E-06,1.28E-06,5.95E-05,6.65E-06,3.83E-05,9.27E-05,2.23E-10,2.75E-08,9.59E-09,1.28E-05,1.59E-09,0.000106984,9.13E-07,2.91E-08,3.67E-08,4.11E-05,5.16E-09,4.52E-07,2.80E-12,3.91E-07,9.56E-09,5.18E-06,0.000225174,1.53E-05,2.23E-11,8.61E-09,6.95E-13,3.74E-07,8.73E-07,3.23E-05,6.15E-07,1.62E-06,9.21E-06,5.91E-05,2.60E-05,6.32E-06,0.000109042,4.14E-06,6.81E-05,1.50E-05,2.25E-05,2.92E-11,3.01E-09,2.39E-05,7.34E-06,1.04E-06,8.06E-07,4.74E-07,5.62E-05,0.000278371,0.000171327,8.27E-06,4.68E-07,0.000218179,8.59E-07,2.35E-09,1.01E-05,3.03E-07,3.69E-05,5.33E-05,4.04E-06,1.40E-08,0.000123161,1.60E-05,3.92E-06,1.50E-05,1.46E-05,4.95E-05,4.96E-05,1.35E-06,1.79E-06,4.40E-05,6.17E-06,5.87E-05,4.13E-15,3.76E-06,1.73E-05,1.16E-09,1.08E-07,1.88E-08,3.66E-12,3.06E-10,6.15E-08,1.68E-05,1.07E-07,3.30E-05,1.76E-11,1.11E-07,1.58E-05,9.95E-05
0.051653005,0.055309465,2.01E-06,1,0.050961782,0.000712795,4.83E-09,0.079704275,0.021810165,0.096836086,0.000473132,0.000401525,0.005351393,0.035547467,0.002654578,0.000219727,0.001202949,0.050385674,3.19E-06,0.090763819,0.009294999,0.027413396,0.007859946,0.00398628,0.001215196,4.85E-07,0.002099857,1.40E-05,0.002558448,0.003726996,3.53E-05,0.008557967,0.102957318,0.043834254,0.029038089,0.023330756,0.001364612,0.008306518,0.004909911,0.01101559,0.043065976,0.019354692,0.038463136,0.13234311,0.00105145,0.000282012,0.014430366,0.008930656,0.000310025,0.007297221,0.023344712,0.003531034,0.051811419,7.79E-05,0.158053753,0.01180663,0.051472238,0.093853222,1.42E-11,0.000151653,9.46E-23,1.53E-07,8.80E-05,0.036268303,0.007583846,6.59E-07,0.033668141,0.018502853,0.00041818,0.005947661,0.022589497,0.022476694,0.045140936,0.008976387,0.040894003,0.069727667,0.092783281,0.064968651,0.056404843,0.001310459,0.010643198,4.19E-07,0.163702506,1.79E-05,0.084812811,2.40E-05,1.80E-09,1.01E-11,1.44E-09,0.00014749,0.04772195,0.002350455,0.042938507,0.015281892,0.065087406,1.18E-06,0.017255096,2.54E-06,0.030596791,0.068345539,3.81E-06,0.005862075,0.051176199,0.001363425,0.083474079,0.000355251,0.019264578,0.002333861,4.38E-09,0.039457368,0.006547386,0.072195063,0.00199431,0.0052204,0.084103834,0.105079498,1.89E-07,0.002584995,0.003524441,0.005658507,0.003013046,2.26E-05,0.041607535,1.66E-05,2.78E-05,0.082020793,0.017689086,0.000648837,6.01E-06,0.002617575,0.074473403,0.000326298,0.006656815,9.97E-07,0.000196082,0.001412646,0.000459414,0.041056481,0.227415647,0.056688061,0.0100879,0.162459663,0.019894545,6.76E-09,0.024838608,2.16E-07,0.005474861,0.115779433,0.000826149,0.024197527,0.069971398,0.002580772,1.47E-05,0.060395567,0.039315629,0.039742533,5.35E-05,0.020035153,0.078440388,0.025269599,0.020375027,0.021372386,0.012140299,0.016188705,0.000165364,0.006121606,0.124009743,0.042648462,9.46E-08,0.030060014,0.060568653,0.000573082,0.003401208,0.052326202,0.002065571,0.123817073,0.034344554,3.56E-05,0.057808016,4.79E-05,0.196153161,0.022145787,0.001924807,0.004780766,0.000137123,0.210576874,0.124231293,9.03E-05,3.85E-05,0.000436247,0.000179875,2.49E-05,0.070709656,0.08330465,0.024950408,0.019884991,5.62E-05,0.000223747,0.128288382,0.043840092
0.021212854,0.044655375,0.000138958,0.050961782,1,0.000197293,0.000172786,0.203419974,0.010451961,0.110636349,0.011124832,7.52E-09,0.032562682,0.005729297,0.000328894,1.00E-05,0.027947233,0.044640471,4.50E-05,0.025464849,0.02575381,0.041798075,0.019927573,0.014639496,0.002135191,1.65E-05,0.002151503,0.004956376,0.067570486,0.000625774,1.95E-05,0.10546326,0.08920167,0.001553362,0.000652957,0.168509666,0.006717041,6.50E-05,0.17231295,0.12113181,0.018375925,0.028566521,0.023298643,0.012668608,0.038193158,0.001455569,0.28303789,0.074943217,0.000630092,0.082217938,0.163278613,0.002938268,0.127022182,2.24E-05,0.018899043,0.019185618,0.016095059,0.290895883,1.04E-05,6.61E-07,1.62E-08,2.97E-08,0.000265203,0.167843406,0.009639086,1.52E-11,0.187277297,0.031017465,0.00030112,1.06E-05,0.000303932,0.010225029,0.111636594,0.02955173,0.096030818,0.087969231,0.029350135,0.006254076,0.18402614,0.005448904,0.045207992,4.30E-08,0.103233044,9.42E-05,0.021980305,3.17E-05,1.32E-06,5.03E-09,5.86E-07,0.000385168,0.081991444,6.91E-06,0.174673533,0.023571677,0.170465309,3.73E-06,0.028306955,9.47E-05,0.201653657,0.31220289,2.56E-09,0.00118625,0.348010013,4.34E-06,0.115336239,0.005719628,0.089692605,0.000619061,0.001302185,0.043309591,0.009744052,0.07852164,0.022225176,0.011239857,0.190805475,0.275010937,5.52E-05,0.00018048,0.000125091,0.12095557,0.002066064,0.000275801,0.011740059,2.18E-05,0.000867605,0.322538843,0.018702112,2.11E-07,4.19E-08,0.003288912,0.001834819,1.70E-13,0.078205331,4.68E-05,0.001630421,7.96E-06,8.46E-05,0.017074411,0.091420575,0.116729674,0.016072139,0.075533517,0.090078217,0.000111264,0.241309331,0.000199957,0.092731739,0.098049184,0.059725699,0.082377246,0.136089588,0.001589926,2.21E-06,0.098784911,0.044761795,0.022898469,2.31E-05,0.025830642,0.050133019,0.124567608,0.136556983,0.039365753,0.01434178,0.070526353,0.005559189,0.001234881,0.039165658,0.054016163,4.44E-07,0.116476871,0.022728879,0.002555313,0.041293565,0.083378705,0.015150228,0.133554072,0.186948916,3.36E-06,0.378450039,0.000529453,0.019770968,0.128043025,0.006312621,0.007361757,0.002165308,0.098063828,0.037568475,7.27E-05,0.000856408,0.000261364,2.35E-06,2.08E-05,0.030076759,0.119365207,0.006117728,0.050847219,4.87E-07,0.004750583,0.063649363,0.302994648
0.00016078,0.000287089,8.24E-08,0.000712795,0.000197293,1,1.98E-08,0.000407661,0.000161257,0.000255159,7.64E-05,2.91E-06,2.07E-05,1.03E-05,0.00010666,2.16E-06,7.34E-05,0.000438641,3.62E-07,0.000119222,0.000291197,0.000517255,3.78E-05,0.000198819,2.12E-07,3.38E-05,0.000159377,7.65E-12,5.29E-05,1.22E-08,5.28E-06,7.66E-05,0.000403985,0.000222881,0.000264306,0.000190465,2.03E-05,6.75E-05,2.75E-05,5.21E-05,0.000196859,5.42E-05,4.87E-05,0.000284075,3.62E-05,8.09E-06,8.91E-05,0.000136045,4.84E-08,0.000128837,0.000125094,8.56E-06,0.000639113,0.000113073,0.000211843,0.000328101,0.000102681,0.000468,3.14E-06,3.99E-05,2.68E-12,2.94E-06,1.55E-05,0.000220852,6.34E-05,1.46E-11,0.000436834,0.000178521,1.05E-05,1.02E-05,0.000187499,3.27E-05,0.000464924,0.000246357,0.000192183,0.000410298,0.000138307,0.000138103,0.000190658,2.22E-05,6.13E-05,1.17E-06,0.00107565,6.91E-06,0.000332535,8.77E-06,1.44E-08,2.50E-07,8.93E-10,0.000234056,0.000407775,3.72E-06,0.00043101,5.20E-05,0.000304209,1.72E-06,6.79E-05,1.56E-09,0.000225139,0.000523559,8.40E-11,2.69E-05,0.000235899,1.60E-05,0.000203985,2.89E-09,0.000111026,3.93E-05,1.45E-09,0.000280483,5.95E-05,0.000519397,3.05E-05,9.48E-05,0.000661973,0.000394477,9.48E-07,5.90E-05,6.04E-05,3.84E-05,0.000380543,8.84E-06,0.000230377,3.09E-12,2.32E-07,0.000409419,0.000344804,9.26E-06,2.54E-06,1.49E-05,9.11E-05,3.64E-06,0.000125575,1.81E-07,8.32E-06,1.51E-07,0.000399588,0.000356769,0.000646754,0.000605209,1.60E-05,0.00040137,4.14E-05,1.13E-09,0.000280323,6.20E-12,6.21E-05,0.001007599,4.28E-06,0.000505195,0.000939495,3.11E-05,2.76E-07,5.45E-05,0.000377019,0.000425539,1.54E-05,0.000522172,0.000468564,0.000350117,0.000130589,0.000100689,0.000100143,0.000189186,4.62E-05,1.84E-05,0.000582601,0.000128323,2.22E-10,0.000358817,6.66E-05,2.45E-05,7.48E-06,0.000889566,5.06E-05,0.000602055,0.000221941,3.91E-06,0.000383063,6.62E-07,0.000311587,0.000351495,3.34E-05,1.26E-06,4.12E-06,0.000530855,0.000647797,7.49E-07,3.88E-06,2.98E-05,2.87E-08,3.07E-07,0.000289103,0.000289245,2.09E-06,7.34E-05,2.30E-06,4.63E-07,0.00080741,0.000632481
3.81E-08,0.000368121,1.81E-06,4.83E-09,0.000172786,1.98E-08,1,4.40E-05,3.93E-08,0.000143915,0.000222224,0.000173746,0.000261753,3.15E-06,1.56E-13,1.86E-10,0.000349798,2.04E-10,1.62E-07,1.44E-06,4.43E-06,0.000338123,2.97E-05,0.000111843,7.31E-06,1.26E-19,4.90E-05,0.000103229,0.002164071,7.58E-07,1.08E-12,0.004502009,7.58E-05,1.67E-10,2.31E-05,0.000470722,6.98E-08,1.74E-07,0.00131127,0.001758667,7.69E-08,2.02E-06,1.01E-05,4.46E-07,8.06E-05,2.45E-06,0.000767852,0.001362874,1.46E-05,0.000912548,0.001097462,1.77E-06,0.000296412,7.98E-12,6.75E-09,1.76E-07,9.14E-10,0.000333999,7.01E-10,9.59E-10,1.04E-13,4.60E-10,6.18E-05,0.001109025,2.43E-05,2.10E-05,0.002553361,0.000235802,3.48E-10,0.00020101,5.02E-05,2.89E-05,0.000390858,2.45E-05,5.99E-08,7.50E-05,9.87E-11,1.72E-07,0.002576339,2.49E-05,0.000869806,9.23E-06,1.45E-06,1.03E-08,1.88E-12,3.86E-05,2.20E-08,4.33E-09,6.71E-08,9.78E-12,9.41E-06,3.18E-06,0.000150631,0.000109142,9.72E-05,6.38E-07,1.68E-06,2.89E-05,0.00023763,0.000490676,1.24E-06,1.28E-08,0.000790152,1.05E-06,1.56E-05,3.13E-06,0.002358446,3.26E-08,0.004251616,5.69E-06,5.20E-06,1.25E-06,0.000179813,2.05E-05,5.48E-05,7.10E-05,1.95E-11,1.78E-08,1.34E-06,0.000307535,3.67E-05,4.65E-10,8.95E-07,2.69E-09,5.89E-06,0.000178024,2.19E-05,1.23E-05,4.80E-08,2.13E-07,3.29E-07,7.10E-05,3.87E-05,6.75E-08,1.37E-05,3.26E-06,1.77E-15,3.09E-10,6.06E-09,0.000442889,1.11E-08,1.11E-06,0.000200537,0.000566734,0.000360429,1.44E-06,0.000632846,2.03E-05,0.000221197,1.11E-05,0.000264827,1.13E-05,0.000254154,2.75E-07,6.89E-12,1.82E-09,1.92E-10,2.14E-05,1.58E-09,7.37E-06,0.000173767,2.05E-06,3.82E-06,1.46E-05,0.000152757,1.89E-06,2.68E-12,7.29E-05,2.29E-07,7.11E-05,7.81E-07,0.00027717,7.73E-05,0.000116833,0.000180283,6.30E-07,0.000954011,3.20E-05,0.000153547,2.38E-06,6.71E-08,0.00035071,5.76E-05,2.05E-13,0.000185975,1.46E-12,1.24E-06,1.94E-05,1.65E-05,6.15E-09,3.13E-10,1.83E-08,2.12E-05,1.66E-06,1.89E-10,8.76E-05,3.29E-08,1.13E-06,4.45E-16,0.000639168
0.030874634,0.052715831,1.04E-05,0.079704275,0.203419974,0.000407661,4.40E-05,1,0.023138739,0.090556917,0.01215194,4.98E-05,0.008244754,0.015014958,0.000481415,4.21E-05,0.003677896,0.054092354,3.44E-06,0.027631308,0.010210153,0.04749749,0.017863512,0.0041767,0.002246555,8.97E-06,0.002185189,0.001531006,0.020397163,0.000392131,6.34E-05,0.051078635,0.202590413,0.002197587,0.003129058,0.084378149,0.001327411,0.003505388,0.112531763,0.048551906,0.032780855,0.008487411,0.063224271,0.024845857,0.009040337,0.00252685,0.170690728,0.025197704,0.000148735,0.03142804,0.061403983,0.001714043,0.066829168,3.19E-05,0.020115641,0.017315038,0.021793539,0.202682879,8.26E-07,3.47E-05,8.69E-13,3.57E-08,3.00E-05,0.115273999,0.002183404,2.68E-08,0.067393065,0.008223366,0.000826248,0.00035278,0.001696123,0.009341727,0.066864093,0.028578062,0.090506322,0.062997425,0.041848593,0.017863856,0.12502221,0.000959944,0.034621827,6.72E-13,0.165892784,0.000198952,0.06291708,8.19E-06,6.39E-07,2.78E-08,8.90E-06,0.000215355,0.042379758,0.001466238,0.107303964,0.021944953,0.157100229,1.38E-07,0.01506195,1.85E-05,0.118471384,0.346516107,1.34E-07,0.004099676,0.313357588,0.00072818,0.06505227,0.002778008,0.041983275,0.000322639,8.00E-06,0.039399324,0.001948846,0.068174555,0.004183356,0.005964773,0.135495958,0.250614861,5.84E-05,0.000533786,0.000677822,0.045827728,0.001520095,0.000100011,0.010782386,1.12E-06,0.001529937,0.192964936,0.019118446,0.000182733,1.88E-08,0.003292056,0.007953004,3.42E-07,0.042827646,7.03E-06,0.001423642,2.43E-05,4.88E-05,0.011216613,0.23518112,0.074833117,0.023648139,0.068866485,0.078883124,2.46E-06,0.080871164,0.000140175,0.03217783,0.158016585,0.012075837,0.05887388,0.113097612,0.003051462,1.11E-11,0.164023217,0.04836725,0.014360184,8.49E-05,0.029989161,0.135562385,0.068758179,0.126207525,0.029255974,0.007539591,0.042340459,0.000891096,0.009110102,0.062681722,0.029121382,6.18E-08,0.110227035,0.035071511,0.002731748,0.008378717,0.05311424,0.005506945,0.21479756,0.212702461,3.89E-14,0.184046976,9.31E-05,0.035512528,0.051064716,0.001449752,0.019930867,0.001217299,0.112948694,0.090605027,3.72E-06,0.000540084,0.000218011,2.28E-05,9.11E-05,0.062417492,0.096328342,0.008097988,0.020460148,6.11E-09,0.002600615,0.107243021,0.163710682
0.013376493,0.006186001,8.23E-08,0.021810165,0.010451961,0.000161257,3.93E-08,0.023138739,1,0.031985632,0.001131446,3.37E-06,0.000867813,0.007666326,0.002012425,0.000844528,0.001683388,0.004911326,9.04E-05,0.02246422,0.001257154,0.017763391,0.00780364,0.000582698,0.000236795,1.94E-05,0.004847922,2.72E-11,0.00150377,9.59E-05,2.28E-06,0.00458265,0.063453552,0.003476834,0.000657952,0.001042496,0.000324282,0.006184535,0.002242465,0.001312974,0.009488166,0.000520988,0.016087033,0.005869925,0.000209963,0.00074273,0.002445284,0.001860469,0.000209291,0.000882819,0.000978751,0.000701263,0.008771447,1.13E-07,0.010555107,0.014854032,0.002593205,0.008269911,3.63E-06,0.000104831,1.86E-07,3.31E-07,0.001044478,0.007235428,0.000866805,2.83E-08,0.004248498,0.002388632,0.000223923,0.002467397,0.000444408,0.002433438,0.007320148,0.001286083,0.001076522,0.005990958,0.007372369,0.003302603,0.012148842,0.000234503,0.003849175,3.39E-06,0.01126129,8.44E-06,0.004982277,0.000965465,1.54E-06,6.67E-10,2.75E-09,1.36E-05,0.006080892,5.70E-05,0.005039043,0.007373887,0.007745655,5.62E-07,0.000732013,7.15E-06,0.00678536,0.021436916,1.97E-06,0.008832987,0.011005472,0.000368477,0.007061949,3.95E-05,0.003404279,0.001412732,1.84E-09,0.004016224,0.003007423,0.003286338,0.000865859,0.000207568,0.004662238,0.009140092,3.32E-05,3.41E-05,0.003441415,0.001263669,0.003399163,4.24E-06,0.003332599,2.52E-06,6.33E-05,0.010253927,0.012883602,0.000496988,4.36E-06,0.000540989,0.001454304,0.000776779,0.001977798,1.63E-08,0.001434888,0.00016927,4.94E-05,0.003647904,0.022647161,0.01333342,0.002193324,0.022297043,0.005740472,1.33E-08,0.001627775,3.30E-08,0.000789867,0.054388273,3.17E-06,0.004366242,0.004638597,0.005996738,3.82E-07,0.009466917,0.007894844,0.00058274,8.12E-05,0.006129712,0.014971523,0.00088227,0.003412792,0.000519027,0.004391578,0.008818803,0.000149808,0.00053447,0.008366576,0.010894207,9.51E-17,0.00284984,0.005509305,0.00495379,0.000482241,0.003466681,0.000436142,0.025902073,0.013732905,2.93E-05,0.007029309,2.89E-06,0.011737663,0.006418689,0.001598695,0.001306793,0.000938635,0.010227554,0.007025091,1.10E-05,0.000149556,0.001232628,6.48E-05,1.61E-05,0.008901242,0.009159564,0.002029289,0.000514256,8.54E-06,0.000803308,0.008383741,0.008609919
0.050701547,0.085281968,1.75E-05,0.096836086,0.110636349,0.000255159,0.000143915,0.090556917,0.031985632,1,0.002726309,5.61E-08,0.048264761,0.008326384,0.005733503,0.000425776,0.024113861,0.022371391,0.000183886,0.127440757,0.018320686,0.064457252,0.009974628,0.011949391,0.004154439,6.06E-06,0.009241979,0.000117828,0.050839396,0.002243451,6.17E-05,0.077278797,0.164056138,0.012667741,0.000844995,0.061621091,0.004509081,0.002094244,0.041384516,0.067682118,0.006878755,0.022907965,0.049357814,0.025450613,0.008753124,0.000295291,0.050003748,0.044384784,0.001431758,0.041828835,0.081190003,0.008327006,0.129097875,3.24E-06,0.046388665,0.027320365,0.014122705,0.154117968,1.71E-07,0.000162448,7.32E-13,1.55E-07,0.003531195,0.094062283,0.009719314,1.71E-13,0.160241931,0.055780222,0.000203061,0.000161227,0.001976231,0.017465664,0.128620758,0.026049031,0.033979586,0.067682974,0.044906144,0.01329491,0.186191272,0.010480268,0.055289223,2.71E-09,0.074825299,3.05E-06,0.029703728,0.002337087,2.98E-06,1.75E-07,3.06E-07,2.18E-05,0.096327632,4.60E-05,0.059071692,0.037789776,0.094497431,6.93E-06,0.014731421,1.37E-05,0.114976818,0.136964633,1.73E-07,0.008002789,0.116739311,0.000219547,0.066677778,0.001061356,0.06901604,0.007463434,3.96E-05,0.029641233,0.024278827,0.053218435,0.018646483,0.016171148,0.096058545,0.129768799,6.77E-07,0.001270478,0.00220803,0.045880638,0.011199229,2.07E-06,0.018601651,4.80E-05,4.86E-05,0.161645592,0.048585734,4.37E-05,1.85E-06,0.00274369,0.009546668,1.43E-05,0.014101424,7.35E-07,0.00174577,0.000463269,0.000206683,0.015988103,0.112712388,0.168355156,0.005354731,0.087127624,0.043996588,2.34E-06,0.079114356,5.72E-07,0.038361549,0.153221921,0.006440281,0.027467644,0.102705874,0.008316413,5.25E-11,0.057965055,0.056831505,0.023309024,1.05E-05,0.036132288,0.021547227,0.036364947,0.049458916,0.00894397,0.012149102,0.045225979,0.003931212,0.003005987,0.057951963,0.077295163,1.53E-11,0.036319731,0.02266601,0.009237908,0.006321243,0.079219777,0.016481172,0.077069996,0.145938052,6.01E-06,0.132734923,0.00058611,0.053154587,0.122148376,0.008682389,0.004324733,0.00122407,0.081978371,0.020442982,4.89E-05,0.000411628,0.000474744,6.00E-05,1.30E-05,0.044805454,0.097200347,0.008987081,0.03307246,0.000440105,0.001122856,0.028921591,0.131535898
0.000164708,0.00028081,9.75E-05,0.000473132,0.011124832,7.64E-05,0.000222224,0.01215194,0.001131446,0.002726309,1,1.27E-18,0.000226563,0.000286657,5.25E-05,0.000341439,0.000748092,4.61E-05,0.000117635,7.27E-05,0.000820525,0.004417965,0.010804615,4.02E-05,8.07E-07,1.21E-06,0.002607551,2.11E-07,0.010352636,3.99E-06,7.72E-07,0.010944629,0.003709183,1.57E-05,5.85E-05,0.004805399,2.44E-05,8.51E-05,0.020130193,0.004583429,0.000576598,1.46E-05,0.001712555,1.76E-05,0.001721816,0.001107984,0.019676656,0.001861801,1.06E-05,0.003089246,0.003285663,5.68E-06,0.002627184,4.30E-06,9.41E-06,0.00426834,7.59E-05,0.004298192,6.26E-06,3.99E-07,6.47E-06,8.51E-07,0.000997422,0.011997352,2.87E-06,6.81E-13,0.003307408,4.95E-05,4.97E-07,7.78E-08,7.26E-08,0.000295276,0.012357876,0.001128755,0.000485459,0.002505914,7.82E-05,2.99E-06,0.026571224,2.60E-06,0.009228529,1.19E-11,0.00129241,6.39E-05,0.000308695,4.73E-05,5.50E-06,2.92E-05,6.33E-05,1.84E-05,0.001146157,5.47E-10,0.004392785,0.004150373,0.006988111,6.28E-09,9.35E-06,3.06E-05,0.011043283,0.021460728,1.24E-06,1.36E-05,0.01835517,3.34E-06,0.00043513,0.000139069,0.008111898,0.000201421,0.000235907,0.000629149,2.57E-05,0.000466754,0.000873062,0.000978317,0.005107146,0.005842456,0.000142412,2.76E-06,1.28E-05,0.015453505,0.001580703,6.66E-05,2.38E-12,5.59E-07,0.000957123,0.0056086,0.00312711,0.000132878,1.46E-07,0.000471626,4.45E-07,2.54E-18,0.008881918,1.78E-05,0.009209996,2.50E-10,5.83E-09,1.40E-05,0.000723484,0.004318184,5.07E-05,0.00062224,0.002258479,3.97E-07,0.005114558,2.67E-09,0.002192635,0.009165215,0.000716407,0.003657378,0.001378512,0.001444974,8.50E-07,0.000394714,0.00043611,2.10E-05,5.04E-08,0.003764191,0.003040815,0.001448268,0.005551957,0.000181811,0.000441283,0.011977833,0.001450413,2.98E-06,0.000267955,0.000255881,8.43E-07,0.002189439,3.31E-06,0.015471908,0.001185883,0.001302596,0.002060355,0.002882587,0.011704284,7.46E-09,0.006405127,7.55E-06,3.61E-06,0.004381172,0.001102539,0.000583377,0.005014382,0.000392032,0.000194172,8.34E-08,0.001332206,2.65E-05,4.16E-09,0.000313747,0.001512602,0.000673795,3.73E-06,0.00047106,4.02E-11,0.000765373,0.000330284,0.006920868
3.25E-06,7.53E-06,6.98E-13,0.000401525,7.52E-09,2.91E-06,0.000173746,4.98E-05,3.37E-06,5.61E-08,1.27E-18,1,1.56E-10,0.000193477,1.49E-06,6.50E-07,0.000189039,0.000231312,1.49E-06,6.54E-05,5.33E-06,4.78E-08,1.94E-10,7.68E-07,3.61E-05,7.24E-10,4.20E-08,1.41E-05,5.18E-09,2.33E-05,1.84E-11,1.35E-11,8.87E-06,6.50E-07,0.000339127,1.76E-10,7.31E-13,9.21E-05,1.32E-09,7.40E-14,1.32E-05,3.45E-07,7.43E-07,0.000447881,7.40E-11,1.17E-08,1.15E-11,5.11E-07,7.25E-14,3.85E-14,4.79E-07,3.38E-08,7.82E-09,1.04E-09,0.000257261,3.82E-07,0.000311735,8.00E-07,2.72E-08,0.000410863,2.07E-06,1.09E-07,0.000358754,1.92E-08,1.20E-05,4.74E-06,8.19E-09,7.93E-07,3.20E-07,0.000779678,0.001623084,3.95E-07,1.14E-12,2.00E-11,1.53E-05,6.74E-06,1.65E-05,0.000123934,1.52E-08,4.97E-09,1.16E-08,9.62E-07,0.000332341,2.88E-08,0.00027775,1.23E-05,1.54E-13,1.37E-07,3.55E-10,1.16E-10,3.32E-06,0.003400783,5.39E-07,7.15E-07,1.80E-07,4.59E-09,4.96E-05,3.53E-08,4.36E-07,1.49E-05,8.26E-07,7.75E-05,5.94E-09,9.63E-06,4.26E-06,1.23E-11,7.80E-08,1.56E-09,0.001799325,5.92E-06,2.45E-06,1.68E-05,2.61E-07,5.86E-07,4.88E-07,1.13E-07,1.12E-07,1.47E-06,7.56E-08,5.86E-10,1.30E-08,2.37E-05,1.59E-05,1.79E-08,2.68E-09,4.65E-07,4.60E-11,5.25E-05,8.17E-10,9.62E-06,0.000154068,0.003304887,8.98E-09,7.01E-08,9.71E-08,3.13E-06,6.99E-07,3.48E-06,0.000609724,1.67E-10,1.15E-05,1.02E-06,1.79E-05,0.000931085,9.27E-12,6.74E-05,6.87E-10,1.71E-06,6.27E-14,4.84E-05,1.58E-06,4.79E-10,0.040340115,1.61E-06,6.40E-09,0.000337938,2.40E-06,2.78E-07,0.000871132,1.26E-09,1.08E-06,8.86E-05,2.71E-13,7.16E-07,5.30E-06,0.000211117,4.64E-05,1.62E-07,2.76E-06,8.25E-06,5.77E-05,6.81E-05,7.04E-10,1.09E-06,1.24E-07,3.75E-05,6.67E-07,0.000417809,1.77E-06,7.42E-08,0.000218858,9.84E-07,1.22E-09,1.43E-06,1.86E-07,0.000629589,0.000563877,3.85E-07,2.26E-07,1.64E-06,1.05E-05,6.03E-07,0.00015406,8.20E-07,7.71E-06,4.03E-07,6.88E-07,7.48E-10,0.000127269,1.88E-11
0.003682566,0.034642925,2.40E-06,0.005351393,0.032562682,2.07E-05,0.000261753,0.008244754,0.000867813,0.048264761,0.000226563,1.56E-10,1,0.000543026,0.000468995,5.59E-08,0.016314415,0.003709266,2.77E-05,0.012541037,0.006804416,0.021955851,0.00070633,0.033408223,0.008173664,2.75E-07,0.000240084,0.000644964,0.013506187,0.000969144,0.000162178,0.048601721,0.018131538,0.001433595,2.05E-05,0.019517702,0.008036768,9.14E-11,0.021374669,0.055556404,9.13E-06,0.035236138,0.001112211,0.000976155,0.039241372,3.28E-08,0.025271979,0.041770779,0.000100224,0.041753316,0.049477005,0.013545147,0.038173118,5.00E-08,0.005560389,6.35E-05,0.001146517,0.033868023,6.06E-08,2.04E-06,1.24E-08,1.55E-06,0.000122604,0.0341156,0.0301491,2.44E-08,0.062745934,0.078413442,2.37E-05,1.08E-08,2.58E-05,0.002968797,0.044438779,0.03480598,0.005757543,0.01450815,0.009636221,0.000223514,0.034417464,0.029957154,0.01867432,1.93E-07,0.008359515,7.52E-07,0.005577231,0.000585591,5.40E-07,5.12E-10,3.98E-09,4.96E-07,0.056966454,4.19E-19,0.021842738,0.002087064,0.014932917,3.13E-05,0.028053698,3.84E-07,0.044354478,0.020385715,1.36E-11,0.000482754,0.014928346,2.30E-06,0.042943835,0.002727565,0.019383837,0.003077156,0.002005978,0.004089364,0.035498521,0.009135152,0.013359951,0.003257704,0.0141199,0.039672449,6.74E-09,7.70E-05,1.89E-06,0.023593066,0.000613137,5.51E-13,0.006153618,1.02E-06,4.37E-08,0.039022991,0.003336019,4.17E-11,2.40E-08,0.000227665,0.002164658,2.34E-10,0.004237253,2.03E-05,1.13E-05,1.92E-05,6.72E-05,0.002110427,0.006696265,0.041688707,3.75E-06,0.013246978,0.018862393,8.53E-05,0.03897008,2.50E-07,0.01723803,0.006394377,0.034188021,0.003347873,0.057739608,0.000384328,5.89E-05,0.0053868,0.005395728,0.014518496,1.96E-06,0.00315451,0.000312807,0.014309744,0.009701434,0.015015519,0.0035696,0.00443529,0.004746559,0.000160752,0.004842121,0.025986991,8.71E-08,0.007177035,0.002383383,0.00028256,0.00531219,0.013133826,0.006401986,0.003050675,0.019040316,4.88E-10,0.052863449,0.004682734,0.003242121,0.044338079,0.004724516,0.000217715,1.61E-05,0.010199238,0.000540886,6.60E-05,7.92E-06,0.000939756,9.69E-07,9.27E-08,0.004188457,0.020228953,0.000883065,0.02216954,1.99E-05,8.02E-05,0.000698684,0.053148613
0.00422813,0.022896398,1.29E-08,0.035547467,0.005729297,1.03E-05,3.15E-06,0.015014958,0.007666326,0.008326384,0.000286657,0.000193477,0.000543026,1,0.001055543,5.51E-05,2.95E-05,0.004318655,7.08E-07,0.020573583,0.001762647,0.01084705,0.002574173,0.000205207,0.001078402,6.72E-06,0.000408572,2.78E-07,0.000475546,0.000749148,5.20E-07,0.001992517,0.028954789,0.00229905,0.002578821,0.000680135,3.78E-05,0.00182497,0.000211183,0.002450502,0.003594928,0.001129516,0.006672093,0.00803409,3.33E-05,2.89E-05,0.00231269,0.000434315,2.40E-05,0.001059293,0.000401199,0.000271828,0.006695184,2.54E-07,0.012014915,0.001044238,0.004546683,0.007663819,4.32E-14,0.000196609,3.16E-06,4.45E-09,3.77E-07,0.006103396,0.000982237,4.25E-07,0.001871366,0.003196323,0.000669722,0.000733167,0.002546892,0.005857088,0.002983813,0.000605524,0.002656545,0.009692574,0.01663234,0.012198608,0.00641284,0.000215783,0.003076691,2.58E-07,0.022134349,4.39E-05,0.011001784,8.11E-06,2.12E-07,3.96E-07,1.02E-12,1.16E-05,0.005853144,0.000622034,0.003836509,0.004293056,0.006103351,7.16E-09,0.001410733,8.09E-06,0.002111194,0.013987977,5.11E-07,0.008653653,0.007888935,0.000546483,0.008944301,1.44E-05,0.001202013,0.000158813,8.83E-08,0.006203397,0.000488579,0.004719227,0.000312342,0.000205575,0.003723474,0.012955862,3.31E-07,7.65E-05,0.000386853,0.001263522,7.48E-05,3.79E-07,0.003257084,1.39E-08,1.77E-05,0.008586572,0.002274938,0.000137419,2.14E-06,0.000545487,0.008177335,0.000499909,0.000391929,4.15E-08,1.73E-05,9.24E-05,3.13E-06,0.001128829,0.034998958,0.005333673,0.000772934,0.014761532,0.003621322,5.15E-08,0.000890605,2.03E-07,0.000399225,0.017583605,0.000106268,0.002742349,0.009096367,0.000831053,2.36E-05,0.00704989,0.001538841,0.00377082,1.17E-05,0.000876662,0.005519326,0.000447281,0.00242182,0.001609303,0.001344605,0.001800603,1.62E-05,0.011963311,0.006314083,0.005199206,3.99E-07,0.001998806,0.00685816,0.000550348,0.000260348,0.002098522,0.000141977,0.014377617,0.009466225,1.38E-06,0.007086253,1.42E-05,0.010379727,0.001047973,0.001164819,0.002540194,3.62E-05,0.021110475,0.014449366,3.94E-06,1.46E-05,0.001585335,0.000167333,2.23E-06,0.029648836,0.007313211,0.002767214,0.00053487,2.86E-06,0.00017582,0.018974602,0.003778396
0.003415743,0.002670399,9.43E-12,0.002654578,0.000328894,0.00010666,1.56E-13,0.000481415,0.002012425,0.005733503,5.25E-05,1.49E-06,0.000468995,0.001055543,1,0.000321507,2.84E-05,0.000137545,0.000181987,0.008761158,0.001181633,0.001112881,0.000831321,3.33E-05,1.89E-05,1.90E-07,0.002124392,2.25E-07,0.000160585,0.000309572,5.20E-06,0.000280636,0.003194065,0.004198937,0.00052518,9.96E-05,0.000107204,0.000665227,2.64E-06,0.000375643,0.000330173,0.000212887,0.004649781,0.001455719,3.53E-05,3.62E-06,4.16E-05,0.000157074,7.04E-05,3.61E-05,0.000239348,0.000228417,0.002229067,1.29E-11,0.002439724,0.000606254,0.000244774,0.000474474,2.37E-10,2.16E-05,1.67E-06,7.60E-07,0.000405296,0.000713332,5.69E-05,3.58E-06,0.000564192,0.000193528,0.000513246,0.000373484,0.001431659,0.003045111,0.001739636,7.84E-05,0.000408165,0.001957882,0.001048906,0.002364175,0.001582526,0.000332773,0.000736987,1.38E-05,0.002633908,7.01E-11,0.001263401,0.001206885,2.66E-11,1.16E-09,2.20E-07,1.67E-26,0.006116917,4.65E-05,0.000275904,0.003283903,0.000367101,3.18E-14,5.83E-05,6.91E-09,0.00032524,0.000370836,0.000114668,0.002963437,0.000101289,0.000338691,0.00105651,3.23E-06,0.000151181,0.001665766,6.49E-06,0.002046723,0.001453541,0.001821748,0.000359626,8.37E-05,0.000630213,0.000983326,2.34E-08,0.000365288,0.000457536,9.48E-05,0.001032208,3.49E-09,0.002244553,1.60E-06,7.56E-07,0.000828686,0.002534581,0.000450633,0.00067653,4.63E-05,0.003580011,0.000131378,4.30E-05,1.13E-14,0.000303176,0.00171504,1.77E-06,0.000367601,0.004200758,0.004421378,0.000103206,0.001282035,0.000249531,1.68E-06,9.83E-05,6.89E-09,6.49E-05,0.004895258,8.04E-08,0.000141137,0.001286451,0.001186235,6.83E-07,0.000413347,0.001822396,0.000703018,3.76E-08,0.000818008,0.000561695,3.36E-05,7.30E-05,2.22E-05,0.000229638,0.000289358,0.000114506,0.000583154,0.003247902,0.002460751,1.69E-09,0.000169153,0.001170182,0.000705282,2.47E-05,0.001544573,0.000573497,0.00118816,0.000141635,0.000142892,0.000261131,6.69E-06,0.001506149,0.000941572,0.000378788,5.07E-06,1.22E-10,0.00341909,0.001923914,9.41E-05,8.01E-07,0.001145164,0.000326943,2.00E-05,0.001900596,0.002205598,0.000303987,0.000244063,4.37E-05,0.000142973,0.000920596,0.000326243
0.006039662,2.72E-06,3.04E-14,0.000219727,1.00E-05,2.16E-06,1.86E-10,4.21E-05,0.000844528,0.000425776,0.000341439,6.50E-07,5.59E-08,5.51E-05,0.000321507,1,0.000120866,2.02E-08,0.001218011,0.000753862,6.72E-06,0.002019452,3.88E-05,6.46E-14,5.21E-10,1.72E-06,0.008702538,0.001847244,3.10E-07,1.78E-06,9.53E-06,4.56E-06,0.001379431,0.000891411,0.000962536,6.38E-11,5.51E-05,0.042537363,3.73E-13,4.55E-12,0.005865099,2.54E-09,0.000162134,3.51E-05,2.29E-09,4.07E-05,1.16E-11,3.75E-09,0.000330337,5.19E-06,1.06E-16,9.47E-07,0.0001839,4.38E-11,0.0004543,0.016990473,4.88E-05,1.54E-08,8.97E-10,3.47E-05,0.000717872,3.67E-06,0.078328613,9.88E-06,5.92E-09,1.58E-08,1.03E-06,1.65E-09,1.30E-06,0.003376173,3.15E-05,2.87E-05,0.000657399,3.99E-06,3.62E-08,4.39E-06,9.40E-05,2.94E-05,0.000294723,1.51E-05,0.000121041,1.33E-05,3.57E-05,7.30E-10,2.99E-05,0.03008255,2.51E-16,1.22E-06,2.22E-05,3.70E-06,3.75E-05,2.96E-09,1.01E-07,0.001715136,9.24E-07,1.32E-09,7.92E-11,1.69E-09,2.23E-08,9.77E-06,5.08E-05,0.00076063,1.49E-06,0.001682561,9.01E-07,7.23E-07,1.47E-07,0.00953006,1.92E-05,4.20E-06,4.50E-06,0.000106122,3.81E-06,4.23E-05,2.70E-06,5.65E-06,0.000868528,0.000180474,0.026659217,4.41E-07,0.024315501,3.00E-05,2.01E-05,1.06E-07,3.20E-05,1.73E-08,0.0093489,0.048481573,4.66E-06,4.04E-06,0.000276485,6.25E-05,2.86E-06,2.66E-19,0.006239228,2.85E-08,3.04E-06,0.000284812,2.00E-05,0.001489631,0.000660507,0.000744284,3.08E-07,0.000226521,1.54E-08,6.83E-09,5.78E-11,0.004906166,0.000438858,6.27E-06,1.73E-11,0.019622528,4.62E-08,2.60E-06,0.004333257,4.22E-11,2.68E-11,0.002590616,0.000167288,8.77E-08,4.10E-08,2.18E-07,0.000736473,2.09E-05,0.000265638,1.93E-07,9.79E-05,2.64E-05,3.89E-06,2.59E-08,2.30E-05,0.035409619,1.32E-06,1.25E-05,1.93E-05,0.000352097,8.64E-06,8.24E-05,8.28E-10,2.57E-07,0.000331145,0.000349363,3.31E-05,0.000254369,0.000156764,8.28E-07,0.000483054,8.36E-07,6.39E-05,4.43E-07,4.71E-05,8.69E-05,9.53E-06,0.000233059,0.000134786,7.26E-09,4.54E-05,1.74E-05,0.000153106,3.19E-10
0.001653418,0.005737723,6.87E-05,0.001202949,0.027947233,7.34E-05,0.000349798,0.003677896,0.001683388,0.024113861,0.000748092,0.000189039,0.016314415,2.95E-05,2.84E-05,0.000120866,1,0.000564337,0.001730207,0.004830889,0.003812019,0.008927229,0.000545337,0.004782008,0.000147684,2.06E-07,0.008919709,0.000112533,0.021513267,1.35E-05,2.35E-05,0.019070928,0.005694172,0.000616139,1.08E-07,0.021849008,0.00522558,3.69E-15,0.020934724,0.03108979,9.60E-05,0.003058253,0.000495173,3.35E-05,0.00434343,4.55E-06,0.018760414,0.041687901,0.000126655,0.019407643,0.039416997,0.002048568,0.026695015,1.33E-06,0.000556817,0.007569397,9.19E-05,0.015592202,1.68E-05,2.73E-07,4.57E-06,6.17E-06,0.012524614,0.013748031,0.002826447,3.51E-09,0.051375646,0.006838587,8.34E-06,2.57E-11,2.56E-19,0.004205177,0.034202979,0.004869235,0.004507675,0.00933573,0.002025684,2.19E-06,0.03109717,0.002452965,0.012186756,1.97E-07,0.001530924,4.82E-05,3.98E-05,0.004360974,1.05E-06,2.18E-08,1.37E-17,8.20E-05,0.015807154,2.79E-05,0.008542267,0.002781446,0.006908776,4.98E-07,0.001482662,9.69E-07,0.019851285,0.015224648,1.15E-19,0.000187132,0.011855614,9.16E-08,0.005158346,0.00117242,0.034279622,0.001546061,0.008889533,0.002393588,0.00722481,0.003444411,0.04750682,0.00322511,0.012314795,0.024424791,1.10E-05,1.32E-05,0.000311829,0.020521425,0.005951901,3.12E-08,0.000529512,1.34E-05,2.15E-05,0.015252304,0.013075186,3.04E-12,4.16E-06,0.000115453,5.49E-05,4.20E-08,0.009498315,1.39E-05,0.000120639,1.65E-06,7.95E-05,0.001547571,0.000190133,0.083023296,5.00E-05,0.0024819,0.001240648,0.002697695,0.029158315,3.26E-05,0.020898137,0.011228025,0.008042294,0.002019171,0.013797624,0.001466287,0.000915547,0.000940616,0.006842318,0.000746981,5.90E-07,0.008763334,4.59E-05,0.014780255,0.003818097,0.000827906,0.001715709,0.003975617,0.022793048,1.75E-06,0.002363028,0.014220151,2.23E-07,0.005973512,0.000100508,0.005038816,0.016503799,0.017642139,0.013598832,0.001087782,0.006296412,1.35E-05,0.014796025,0.00025622,0.000665839,0.092852902,0.011513161,9.35E-06,0.000185798,0.000542579,3.89E-05,1.07E-07,7.38E-05,0.000221736,6.15E-10,6.23E-08,0.000372639,0.012917936,7.44E-05,0.005799223,9.74E-07,8.01E-05,0.000166119,0.044060591
0.013615507,0.019556163,5.12E-06,0.050385674,0.044640471,0.000438641,2.04E-10,0.054092354,0.004911326,0.022371391,4.61E-05,0.000231312,0.003709266,0.004318655,0.000137545,2.02E-08,0.000564337,1,2.53E-07,0.010519731,0.005585137,0.005265119,0.005701216,0.005881001,0.004866474,5.98E-06,1.24E-05,0.001502308,0.000737707,0.000105869,1.37E-05,0.003491239,0.01929309,0.005013801,0.00447617,0.011673619,0.000936464,0.00031714,0.012353,0.008847828,0.014652518,0.02453132,0.00495069,0.02594454,0.00457175,8.33E-05,0.024518809,0.006405473,1.43E-05,0.009246957,0.014992424,0.001216732,0.016425501,8.34E-07,0.034696384,0.002483834,0.027542162,0.054486154,1.24E-06,2.83E-05,4.16E-07,9.22E-07,4.33E-12,0.020793992,0.011856841,1.01E-06,0.011256025,0.009933493,0.00140371,0.001550797,0.005082698,0.004969663,0.005376986,0.005532361,0.044037938,0.059846089,0.042872219,0.042445771,0.006028642,0.003010312,0.002960274,4.01E-08,0.093641198,1.21E-05,0.032099374,3.25E-09,1.10E-14,2.88E-09,1.17E-07,5.12E-05,0.015206789,0.000307937,0.058809406,0.000664264,0.058092902,1.39E-06,0.030261359,1.71E-07,0.017315266,0.050291254,1.46E-11,0.002272414,0.041047194,0.000409978,0.045637518,0.000722355,0.003819705,0.000239279,7.18E-08,0.044041243,0.002785307,0.085624685,0.000595869,0.001814709,0.042711378,0.07433206,1.16E-07,0.000591198,0.000109008,0.003765938,1.56E-06,0.000376857,0.030384743,2.83E-06,8.26E-07,0.056373161,0.000454604,1.74E-06,1.11E-07,0.001577304,0.011404725,6.95E-06,0.014457297,3.01E-05,2.09E-08,7.02E-05,9.68E-05,0.019647071,0.097741894,0.013793832,0.006491267,0.061261187,0.01552105,5.08E-09,0.020566438,1.34E-05,0.011739767,0.011767172,0.009671215,0.01950932,0.051780562,0.000191364,1.67E-05,0.050694181,0.01890827,0.029126085,0.000119081,0.001121648,0.068277593,0.044274199,0.032971884,0.065009325,0.004946107,0.018313416,9.26E-05,0.005207889,0.027521573,0.013246297,1.16E-12,0.021275758,0.039161609,4.44E-09,0.004399176,0.01306549,0.000615747,0.0768498,0.032433368,1.94E-09,0.070669933,0.000315349,0.04651285,0.008819978,0.000529973,0.007070605,2.26E-05,0.121500819,0.071747816,2.84E-05,0.00012489,0.000369379,0.000126637,4.76E-06,0.027214777,0.052354522,0.025120403,0.012031455,1.13E-06,0.000460547,0.091502654,0.034033653
